0.000000000000000000e+00 2.999995743433332791e+03
1.005025125630469758e-02 3.008779022355720826e+03
2.010050251260939516e-02 3.017529403740270482e+03
3.015075376891409448e-02 3.026247009257970149e+03
4.020100502521879032e-02 3.034931962623260461e+03
5.025125628152348617e-02 3.043584386726472985e+03
6.030150753782818895e-02 3.052204406685015783e+03
7.035175879413288480e-02 3.060792382937245748e+03
8.040201005043758065e-02 3.069348582076057482e+03
9.045226130674227649e-02 3.077873121682699548e+03
1.005025125630469723e-01 3.086366118903338702e+03
1.105527638193516682e-01 3.094827687490113021e+03
1.206030150756563779e-01 3.103257944138218591e+03
1.306532663319610599e-01 3.111657007264835102e+03
1.407035175882657696e-01 3.120024992291814215e+03
1.507537688445704516e-01 3.128362117554308952e+03
1.608040201008751613e-01 3.136668753673700394e+03
1.708542713571798710e-01 3.144945024272353294e+03
1.809045226134845530e-01 3.153191040353663539e+03
1.909547738697892627e-01 3.161406912515249587e+03
2.010050251260939447e-01 3.169592752289693181e+03
2.110552763823986544e-01 3.177748668282163635e+03
2.211055276387033364e-01 3.185874769722421206e+03
2.311557788950080461e-01 3.193971165599780306e+03
2.412060301513127558e-01 3.202038104579884930e+03
2.512562814076174655e-01 3.210075906908182333e+03
2.613065326639221198e-01 3.218084680076304721e+03
2.713567839202268295e-01 3.226064528925365721e+03
2.814070351765315392e-01 3.234015557917827209e+03
2.914572864328362489e-01 3.241937905214733291e+03
3.015075376891409031e-01 3.249831651194372625e+03
3.115577889454456129e-01 3.257696888284748638e+03
3.216080402017503226e-01 3.265533719447980275e+03
3.316582914580550323e-01 3.273342292914944210e+03
3.417085427143597420e-01 3.281122965006442428e+03
3.517587939706643962e-01 3.288875874750326602e+03
3.618090452269691060e-01 3.296601121205394520e+03
3.718592964832738157e-01 3.304298803076961576e+03
3.819095477395785254e-01 3.311969015989141099e+03
3.919597989958831796e-01 3.319611831691100178e+03
4.020100502521878894e-01 3.327227376930494756e+03
4.120603015084925991e-01 3.334815749010618674e+03
4.221105527647973088e-01 3.342377044888556156e+03
4.321608040211020185e-01 3.349911417756761693e+03
4.422110552774066727e-01 3.357419202190958913e+03
4.522613065337113825e-01 3.364900518728732095e+03
4.623115577900160922e-01 3.372355460680305441e+03
4.723618090463208019e-01 3.379784121026938465e+03
4.824120603026255116e-01 3.387186592422102876e+03
4.924623115589301658e-01 3.394562946810933681e+03
5.025125628152349311e-01 3.401913292484160593e+03
5.125628140715395853e-01 3.409237725297337420e+03
5.226130653278442395e-01 3.416536336603908694e+03
5.326633165841490047e-01 3.423809217976664058e+03
5.427135678404536590e-01 3.431056630362815667e+03
5.527638190967583132e-01 3.438278798122722492e+03
5.628140703530630784e-01 3.445475809189991651e+03
5.728643216093677326e-01 3.452647751191937004e+03
5.829145728656724978e-01 3.459794711450659179e+03
5.929648241219771521e-01 3.466916776984073294e+03
6.030150753782818063e-01 3.474014044953388293e+03
6.130653266345865715e-01 3.481086591996052448e+03
6.231155778908912257e-01 3.488134503514036169e+03
6.331658291471959910e-01 3.495157865319284156e+03
6.432160804035006452e-01 3.502156762924863870e+03
6.532663316598052994e-01 3.509131389201699676e+03
6.633165829161100646e-01 3.516082007071350745e+03
6.733668341724147188e-01 3.523008701909225238e+03
6.834170854287194841e-01 3.529911556054976700e+03
6.934673366850241383e-01 3.536790651564839209e+03
7.035175879413287925e-01 3.543646070212640552e+03
7.135678391976335577e-01 3.550477900353273526e+03
7.236180904539382119e-01 3.557286229405314316e+03
7.336683417102429772e-01 3.564071125163323359e+03
7.437185929665476314e-01 3.570832668281335827e+03
7.537688442228522856e-01 3.577570939135794106e+03
7.638190954791570508e-01 3.584286017826505486e+03
7.738693467354617050e-01 3.590978103541870496e+03
7.839195979917663593e-01 3.597647427337562021e+03
7.939698492480711245e-01 3.604294067192724469e+03
8.040201005043757787e-01 3.610918100260219035e+03
8.140703517606805439e-01 3.617519603430612278e+03
8.241206030169851982e-01 3.624098653333403036e+03
8.341708542732898524e-01 3.630655326337132010e+03
8.442211055295946176e-01 3.637189685103634929e+03
8.542713567858992718e-01 3.643701818713740522e+03
8.643216080422040370e-01 3.650191803021896249e+03
8.743718592985086913e-01 3.656659713362791990e+03
8.844221105548133455e-01 3.663105624814889325e+03
8.944723618111181107e-01 3.669529617569563470e+03
9.045226130674227649e-01 3.675931935277775665e+03
9.145728643237275302e-01 3.682312731527710184e+03
9.246231155800321844e-01 3.688672078664273158e+03
9.346733668363368386e-01 3.695010048789165012e+03
9.447236180926416038e-01 3.701326713761728570e+03
9.547738693489462580e-01 3.707622145199748502e+03
9.648241206052510233e-01 3.713896414480255771e+03
9.748743718615556775e-01 3.720149606956932075e+03
9.849246231178603317e-01 3.726381783563298086e+03
9.949748743741650969e-01 3.732593010644753576e+03
1.005025125630469862e+00 3.738783358623593813e+03
1.015075376886774405e+00 3.744952897685410335e+03
1.025125628143079171e+00 3.751101697779897222e+03
1.035175879399383936e+00 3.757229869006457648e+03
1.045226130655688479e+00 3.763337656648432130e+03
1.055276381911993244e+00 3.769425149043461261e+03
1.065326633168298009e+00 3.775492413629557177e+03
1.075376884424602553e+00 3.781539517620634797e+03
1.085427135680907318e+00 3.787566528007296711e+03
1.095477386937212083e+00 3.793573511557509846e+03
1.105527638193516626e+00 3.799560534817403550e+03
1.115577889449821392e+00 3.805530989485498594e+03
1.125628140706126157e+00 3.811483733698879405e+03
1.135678391962430922e+00 3.817416697850990204e+03
1.145728643218735465e+00 3.823329947667959459e+03
1.155778894475040230e+00 3.829223548657509582e+03
1.165829145731344996e+00 3.835097566109689069e+03
1.175879396987649539e+00 3.840952065097627838e+03
1.185929648243954304e+00 3.846787213009573406e+03
1.195979899500259069e+00 3.852603188939856409e+03
1.206030150756563613e+00 3.858400055978433556e+03
1.216080402012868378e+00 3.864177876909316637e+03
1.226130653269173143e+00 3.869936714310324533e+03
1.236180904525477908e+00 3.875676630553497944e+03
1.246231155781782451e+00 3.881397687805915666e+03
1.256281407038087217e+00 3.887099948030436735e+03
1.266331658294391982e+00 3.892781380543662181e+03
1.276381909550696525e+00 3.898441148988450550e+03
1.286432160807001290e+00 3.904082321775021683e+03
1.296482412063306056e+00 3.909704960001002746e+03
1.306532663319610599e+00 3.915309124563294517e+03
1.316582914575915364e+00 3.920894876158719853e+03
1.326633165832220129e+00 3.926462275284661700e+03
1.336683417088524672e+00 3.932011388246110528e+03
1.346733668344829438e+00 3.937542410253529397e+03
1.356783919601134203e+00 3.943055456090496136e+03
1.366834170857438968e+00 3.948550584180506576e+03
1.376884422113743511e+00 3.954027852757174514e+03
1.386934673370048277e+00 3.959487319864854726e+03
1.396984924626353042e+00 3.964929043359238221e+03
1.407035175882657585e+00 3.970353080908000720e+03
1.417085427138962350e+00 3.975759489991413375e+03
1.427135678395267115e+00 3.981148328067255989e+03
1.437185929651571659e+00 3.986519663447938001e+03
1.447236180907876424e+00 3.991873541648060382e+03
1.457286432164181189e+00 3.997210019404388731e+03
1.467336683420485954e+00 4.002529153269283597e+03
1.477386934676790498e+00 4.007830999611302559e+03
1.487437185933095263e+00 4.013115614615816867e+03
1.497487437189400028e+00 4.018383054285580329e+03
1.507537688445704571e+00 4.023633380942140320e+03
1.517587939702009336e+00 4.028866771635096484e+03
1.527638190958314102e+00 4.034083326822366871e+03
1.537688442214618645e+00 4.039283100662943980e+03
1.547738693470923410e+00 4.044466147141588408e+03
1.557788944727228175e+00 4.049632520069390011e+03
1.567839195983532719e+00 4.054782273084341341e+03
1.577889447239837484e+00 4.059915459651863785e+03
1.587939698496142249e+00 4.065032133065407379e+03
1.597989949752447014e+00 4.070132346446961947e+03
1.608040201008751557e+00 4.075216152498627252e+03
1.618090452265056323e+00 4.080283603607179430e+03
1.628140703521361088e+00 4.085334753029435888e+03
1.638190954777665631e+00 4.090369653207108968e+03
1.648241206033970396e+00 4.095388356413198835e+03
1.658291457290275162e+00 4.100390914752561002e+03
1.668341708546579705e+00 4.105377380162396548e+03
1.678391959802884470e+00 4.110347804412866935e+03
1.688442211059189235e+00 4.115302239107561945e+03
1.698492462315494000e+00 4.120240793039264645e+03
1.708542713571798544e+00 4.125163606252182944e+03
1.718592964828103309e+00 4.130070729955139541e+03
1.728643216084408074e+00 4.134962214152216802e+03
1.738693467340712617e+00 4.139838108688117245e+03
1.748743718597017383e+00 4.144698463248691951e+03
1.758793969853322148e+00 4.149543327361435331e+03
1.768844221109626691e+00 4.154372750395985349e+03
1.778894472365931456e+00 4.159186781564652847e+03
1.788944723622236221e+00 4.163985469922876291e+03
1.798994974878540765e+00 4.168768864468474931e+03
1.809045226134845530e+00 4.173537020021432909e+03
1.819095477391150295e+00 4.178289978974255973e+03
1.829145728647455060e+00 4.183027789760029918e+03
1.839195979903759604e+00 4.187750500657538396e+03
1.849246231160064369e+00 4.192458159791664002e+03
1.859296482416369134e+00 4.197150815133913056e+03
1.869346733672673677e+00 4.201828514502919461e+03
1.879396984928978442e+00 4.206491305564894901e+03
1.889447236185283208e+00 4.211139235834145438e+03
1.899497487441587751e+00 4.215772396631146876e+03
1.909547738697892516e+00 4.220390906960503344e+03
1.919597989954197281e+00 4.224994814196878906e+03
1.929648241210502047e+00 4.229584164513244104e+03
1.939698492466806590e+00 4.234159003936581030e+03
1.949748743723111355e+00 4.238719378348325336e+03
1.959798994979416120e+00 4.243265333484848270e+03
1.969849246235720663e+00 4.247796914937912334e+03
1.979899497492025429e+00 4.252314168155134212e+03
1.989949748748330194e+00 4.256817138440399503e+03
2.000000000004634959e+00 4.261305870954388411e+03
